{
  "classical_limit": {
    "mu_values": [
      0.1,
      0.05,
      0.01,
      0.005,
      0.001
    ],
    "propagator_values": [
      -1.1756968476589469,
      -1.1797918777257272,
      -1.1811046942509797,
      -1.181145738589962,
      -1.1811588730194253
    ],
    "classical_value": 0.5890939422375143,
    "convergence_ratio": -2.0050433187839483,
    "classical_limit_recovered": false
  },
  "momentum_integration": {
    "k_range": [
      0.1,
      0.12742749857031338,
      0.16237767391887217,
      0.20691380811147897,
      0.26366508987303583,
      0.33598182862837817,
      0.42813323987193935,
      0.5455594781168519,
      0.6951927961775606,
      0.8858667904100825,
      1.1288378916846888,
      1.438449888287663,
      1.8329807108324356,
      2.3357214690901213,
      2.9763514416313175,
      3.79269019073225,
      4.832930238571752,
      6.158482110660261,
      7.847599703514611,
      10.0
    ],
    "propagator_tensor": [
      [
        [
          0.2975068916357404,
          -0.35115567537333287,
          -0.23410378358222192,
          -0.17557783768666643
        ],
        [
          -0.35115567537333287,
          -1.1753960800690728,
          -0.11705189179111096,
          -0.08778891884333322
        ],
        [
          -0.23410378358222192,
          -0.11705189179111096,
          -1.0778528369098137,
          -0.05852594589555548
        ],
        [
          -0.17557783768666643,
          -0.08778891884333322,
          -0.05852594589555548,
          -1.0437127018040728
        ]
      ],
      [
        [
          0.29748707713849704,
          -0.35113228777002936,
          -0.23408819184668622,
          -0.17556614388501468
        ],
        [
          -0.35113228777002936,
          -1.1753177965635704,
          -0.11704409592334311,
          -0.08778307194250734
        ],
        [
          -0.23408819184668622,
          -0.11704409592334311,
          -1.0777810499607845,
          -0.058522047961671556
        ],
        [
          -0.17556614388501468,
          -0.08778307194250734,
          -0.058522047961671556,
          -1.0436431886498094
        ]
      ],
      [
        [
          0.29745490506772326,
          -0.3510943141782964,
          -0.23406287611886428,
          -0.1755471570891482
        ],
        [
          -0.3510943141782964,
          -1.1751906905134641,
          -0.11703143805943214,
          -0.0877735785445741
        ],
        [
          -0.23406287611886428,
          -0.11703143805943214,
          -1.0776644921306042,
          -0.05851571902971607
        ],
        [
          -0.1755471570891482,
          -0.0877735785445741,
          -0.05851571902971607,
          -1.043530322696603
        ]
      ],
      [
        [
          0.2974026707367971,
          -0.3510326605417933,
          -0.23402177369452887,
          -0.17551633027089664
        ],
        [
          -0.3510326605417933,
          -1.1749843220912803,
          -0.11701088684726443,
          -0.08775816513544832
        ],
        [
          -0.23402177369452887,
          -0.11701088684726443,
          -1.07747524971856,
          -0.05850544342363222
        ],
        [
          -0.17551633027089664,
          -0.08775816513544832,
          -0.05850544342363222,
          -1.043347074388108
        ]
      ],
      [
        [
          0.29731786947670236,
          -0.35093256725118976,
          -0.23395504483412646,
          -0.17546628362559488
        ],
        [
          -0.35093256725118976,
          -1.1746492876046766,
          -0.11697752241706323,
          -0.08773314181279744
        ],
        [
          -0.23395504483412646,
          -0.11697752241706323,
          -1.0771680189237907,
          -0.058488761208531616
        ],
        [
          -0.17546628362559488,
          -0.08773314181279744,
          -0.058488761208531616,
          -1.0430495748854804
        ]
      ],
      [
        [
          0.2971802123696264,
          -0.35077008673136223,
          -0.23384672448757485,
          -0.17538504336568111
        ],
        [
          -0.35077008673136223,
          -1.174105429198032,
          -0.11692336224378742,
          -0.08769252168284056
        ],
        [
          -0.23384672448757485,
          -0.11692336224378742,
          -1.0766692939948759,
          -0.05846168112189371
        ],
        [
          -0.17538504336568111,
          -0.08769252168284056,
          -0.05846168112189371,
          -1.0425666466737713
        ]
      ],
      [
        [
          0.29695679657346014,
          -0.3505063828408053,
          -0.23367092189387023,
          -0.17525319142040266
        ],
        [
          -0.3505063828408053,
          -1.1732227536754736,
          -0.11683546094693512,
          -0.08762659571020133
        ],
        [
          -0.23367092189387023,
          -0.11683546094693512,
          -1.0758598695530277,
          -0.05841773047346756
        ],
        [
          -0.17525319142040266,
          -0.08762659571020133,
          -0.05841773047346756,
          -1.0417828601101715
        ]
      ],
      [
        [
          0.2965943054237161,
          -0.3500785244345503,
          -0.23338568295636683,
          -0.17503926221727514
        ],
        [
          -0.3500785244345503,
          -1.1717906165100918,
          -0.11669284147818342,
          -0.08751963110863757
        ],
        [
          -0.23338568295636683,
          -0.11669284147818342,
          -1.0745465819449391,
          -0.05834642073909171
        ],
        [
          -0.17503926221727514,
          -0.08751963110863757,
          -0.05834642073909171,
          -1.0405111698471354
        ]
      ],
      [
        [
          0.2960064547578994,
          -0.3493846679109631,
          -0.2329231119406421,
          -0.17469233395548156
        ],
        [
          -0.3493846679109631,
          -1.1694681245353074,
          -0.11646155597032105,
          -0.08734616697774078
        ],
        [
          -0.2329231119406421,
          -0.11646155597032105,
          -1.0724168278933732,
          -0.05823077798516053
        ],
        [
          -0.17469233395548156,
          -0.08734616697774078,
          -0.05823077798516053,
          -1.0384488740686961
        ]
      ],
      [
        [
          0.29505390190281194,
          -0.3482603432295483,
          -0.23217356215303225,
          -0.17413017161477415
        ],
        [
          -0.3482603432295483,
          -1.1657047599766828,
          -0.11608678107651613,
          -0.08706508580738707
        ],
        [
          -0.23217356215303225,
          -0.11608678107651613,
          -1.0689657757462527,
          -0.05804339053825806
        ],
        [
          -0.17413017161477415,
          -0.08706508580738707,
          -0.05804339053825806,
          -1.0351071312656022
        ]
      ],
      [
        [
          0.293512391801812,
          -0.3464408558972206,
          -0.23096057059814712,
          -0.1732204279486103
        ],
        [
          -0.3464408558972206,
          -1.1596145315448636,
          -0.11548028529907356,
          -0.08661021397430516
        ],
        [
          -0.23096057059814712,
          -0.11548028529907356,
          -1.0633809604623023,
          -0.05774014264953678
        ],
        [
          -0.1732204279486103,
          -0.08661021397430516,
          -0.05774014264953678,
          -1.029699210583406
        ]
      ],
      [
        [
          0.29102304503312465,
          -0.34350261053090114,
          -0.22900174035393414,
          -0.17175130526545057
        ],
        [
          -0.34350261053090114,
          -1.1497795713603776,
          -0.11450087017696707,
          -0.08587565263272529
        ],
        [
          -0.22900174035393414,
          -0.11450087017696707,
          -1.0543621795462386,
          -0.057250435088483535
        ],
        [
          -0.17175130526545057,
          -0.08587565263272529,
          -0.057250435088483535,
          -1.0209660924112898
        ]
      ],
      [
        [
          0.2870168675042473,
          -0.3387740075459968,
          -0.22584933836399793,
          -0.1693870037729984
        ],
        [
          -0.3387740075459968,
          -1.1339518863692395,
          -0.11292466918199896,
          -0.0846935018864992
        ],
        [
          -0.22584933836399793,
          -0.11292466918199896,
          -1.0398479953842403,
          -0.05646233459099948
        ],
        [
          -0.1693870037729984,
          -0.0846935018864992,
          -0.05646233459099948,
          -1.0069116335394905
        ]
      ],
      [
        [
          0.28060565359141204,
          -0.33120667309150265,
          -0.22080444872766844,
          -0.16560333654575132
        ],
        [
          -0.33120667309150265,
          -1.1086223363201686,
          -0.11040222436383422,
          -0.08280166827287566
        ],
        [
          -0.22080444872766844,
          -0.11040222436383422,
          -1.0166204826836402,
          -0.05520111218191711
        ],
        [
          -0.16560333654575132,
          -0.08280166827287566,
          -0.05520111218191711,
          -0.9844198339108552
        ]
      ],
      [
        [
          0.27043908362047514,
          -0.3192067872241673,
          -0.21280452481611153,
          -0.15960339361208364
        ],
        [
          -0.3192067872241673,
          -1.0684560516808934,
          -0.10640226240805577,
          -0.07980169680604182
        ],
        [
          -0.21280452481611153,
          -0.10640226240805577,
          -0.9797874996741803,
          -0.053201131204027884
        ],
        [
          -0.15960339361208364,
          -0.07980169680604182,
          -0.053201131204027884,
          -0.9487535064718307
        ]
      ],
      [
        [
          0.2545575546595604,
          -0.3004613759916122,
          -0.20030758399440818,
          -0.1502306879958061
        ],
        [
          -0.3004613759916122,
          -1.005710994638591,
          -0.10015379199720409,
          -0.07511534399790305
        ],
        [
          -0.20030758399440818,
          -0.10015379199720409,
          -0.9222495013075876,
          -0.050076895998602045
        ],
        [
          -0.1502306879958061,
          -0.07511534399790305,
          -0.050076895998602045,
          -0.8930379786417364
        ]
      ],
      [
        [
          0.230354802658072,
          -0.27189419330133086,
          -0.1812627955342206,
          -0.13594709665066543
        ],
        [
          -0.27189419330133086,
          -0.9100902859113992,
          -0.0906313977671103,
          -0.06797354832533271
        ],
        [
          -0.1812627955342206,
          -0.0906313977671103,
          -0.834564121105474,
          -0.04531569888355515
        ],
        [
          -0.13594709665066543,
          -0.06797354832533271,
          -0.04531569888355515,
          -0.8081299634234002
        ]
      ],
      [
        [
          0.19496061073174709,
          -0.23011744217517682,
          -0.15341162811678458,
          -0.11505872108758841
        ],
        [
          -0.23011744217517682,
          -0.7702542161696891,
          -0.07670581405839229,
          -0.057529360543794206
        ],
        [
          -0.15341162811678458,
          -0.07670581405839229,
          -0.7063327044543624,
          -0.038352907029196144
        ],
        [
          -0.11505872108758841,
          -0.057529360543794206,
          -0.038352907029196144,
          -0.6839601753539979
        ]
      ],
      [
        [
          0.14669846038990228,
          -0.1731522811159503,
          -0.1154348540773002,
          -0.08657614055797515
        ],
        [
          -0.1731522811159503,
          -0.579579163179778,
          -0.0577174270386501,
          -0.043288070278987574
        ],
        [
          -0.1154348540773002,
          -0.0577174270386501,
          -0.5314813073142363,
          -0.02885871351932505
        ],
        [
          -0.08657614055797515,
          -0.043288070278987574,
          -0.02885871351932505,
          -0.5146470577612966
        ]
      ],
      [
        [
          0.08850643601626117,
          -0.10446661300280005,
          -0.06964440866853337,
          -0.052233306501400026
        ],
        [
          -0.10446661300280005,
          -0.3496729685232613,
          -0.034822204334266686,
          -0.026116653250700013
        ],
        [
          -0.06964440866853337,
          -0.034822204334266686,
          -0.32065446491137245,
          -0.017411102167133343
        ],
        [
          -0.052233306501400026,
          -0.026116653250700013,
          -0.017411102167133343,
          -0.3104979886472113
        ]
      ]
    ],
    "color_diagonal": [
      -1.1753960800690728,
      -1.1753177965635704,
      -1.1751906905134641,
      -1.1749843220912803,
      -1.1746492876046766,
      -1.174105429198032,
      -1.1732227536754736,
      -1.1717906165100918,
      -1.1694681245353074,
      -1.1657047599766828,
      -1.1596145315448636,
      -1.1497795713603776,
      -1.1339518863692395,
      -1.1086223363201686,
      -1.0684560516808934,
      -1.005710994638591,
      -0.9100902859113992,
      -0.7702542161696891,
      -0.579579163179778,
      -0.3496729685232613
    ],
    "trace": [
      -2.999454727147219,
      -2.9992549580356673,
      -2.9989306002729483,
      -2.998403975461151,
      -2.997549011937245,
      -2.9961611574970526,
      -2.993908686765213,
      -2.99025406287845,
      -2.9843273717394774,
      -2.9747237650857254,
      -2.9591823107887603,
      -2.9340847982847813,
      -2.893694647788723,
      -2.829056999323252,
      -2.7265579742064294,
      -2.566440919928355,
      -2.3224295677822013,
      -1.9655864852463023,
      -1.4790090678654084,
      -0.8923189860655838
    ],
    "determinant": [
      -0.5946893973751848,
      -0.5945309836428287,
      -0.5942738405026686,
      -0.5938565225112917,
      -0.5931794842581152,
      -0.5920816870727774,
      -0.5903032199876169,
      -0.5874261926093108,
      -0.5827828991452938,
      -0.5753174183303862,
      -0.5633883206888245,
      -0.5445171914945302,
      -0.5151476877108667,
      -0.4706388143213044,
      -0.4060503568134408,
      -0.3187469481831815,
      -0.21374263492799087,
      -0.10967043861353226,
      -0.03515639193380402,
      -0.00465802146372073
    ]
  },
  "instanton_parameter_sweep": {
    "mu_g_range": [
      0.05,
      0.07777777777777778,
      0.10555555555555556,
      0.13333333333333333,
      0.1611111111111111,
      0.18888888888888888,
      0.21666666666666667,
      0.2444444444444444,
      0.2722222222222222,
      0.3
    ],
    "phi_range": [
      0.5,
      0.6785714285714286,
      0.8571428571428572,
      1.0357142857142856,
      1.2142857142857144,
      1.3928571428571428,
      1.5714285714285714,
      1.75,
      1.9285714285714286,
      2.107142857142857,
      2.2857142857142856,
      2.4642857142857144,
      2.642857142857143,
      2.8214285714285716,
      3.0
    ],
    "instanton_rates": [
      [
        7.186658177933838e-18,
        5.4437519314400176e-24,
        4.141181371033576e-30,
        3.167324398404919e-36,
        2.4383205845696032e-42,
        1.891500225692541e-48,
        1.4802205469537505e-54,
        1.1698702566097657e-60,
        9.348171473119625e-67,
        7.561003149538729e-73,
        6.197001555969847e-79,
        5.15250508910561e-85,
        4.350854853346555e-91,
        3.7353755413565785e-97,
        3.264232238478021e-103
      ],
      [
        7.228735703932523e-18,
        5.52376541243501e-24,
        4.2647589146755385e-30,
        3.335947318116973e-36,
        2.650863017299958e-42,
        2.1457318118123993e-48,
        1.7740209479701958e-54,
        1.5021403879296236e-60,
        1.3061772141737234e-66,
        1.1695063490266108e-72,
        1.0811317270189977e-78,
        1.0346516632511024e-84,
        1.0278039858188803e-90,
        1.0626370877314149e-96,
        1.1464966035716705e-102
      ],
      [
        7.289531893807176e-18,
        5.640602442913594e-24,
        4.4484752522019e-30,
        3.59356107629995e-36,
        2.988351424432939e-42,
        2.5709358506266828e-48,
        2.2996336409282117e-54,
        2.149229567083336e-60,
        2.10914204554869e-66,
        2.1840487060282387e-72,
        2.398162367605726e-78,
        2.805898034045479e-84,
        3.5151971468815513e-90,
        4.738151126482173e-96,
        6.904546780794766e-102
      ],
      [
        7.369507242180029e-18,
        5.796517925596862e-24,
        4.6996779872691466e-30,
        3.9590778984460566e-36,
        3.4929183604675045e-42,
        3.2529943334029944e-48,
        3.2232751579347636e-54,
        3.424791344952543e-60,
        3.9326000998663044e-66,
        4.918147492962228e-72,
        6.750649366364986e-78,
        1.0247903401259369e-83,
        1.7336778391330078e-89,
        3.293194949650134e-95,
        7.076612165848977e-101
      ],
      [
        7.469271167787882e-18,
        5.9945664486132715e-24,
        5.028716382947103e-30,
        4.460723947051809e-36,
        4.232640227320142e-42,
        4.345701684247102e-48,
        4.883232674265155e-54,
        6.074042684348609e-60,
        8.457823520470547e-66,
        1.3332040878830475e-71,
        2.4054381694059607e-77,
        5.0223278514319085e-83,
        1.2266777655480398e-88,
        3.542545177491583e-94,
        1.2224875644646874e-99
      ],
      [
        7.589589632831497e-18,
        6.238700939022337e-24,
        5.449646187611382e-30,
        5.13964608650683e-36,
        5.3167167081988286e-42,
        6.127850815032402e-48,
        7.992501907161833e-54,
        1.1980133497963027e-59,
        2.0954178356970036e-65,
        4.3416934432825045e-71,
        1.0816655097882698e-76,
        3.2881136497097315e-82,
        1.2373628198535687e-87,
        5.8467516666250335e-93,
        3.517693886733112e-98
      ],
      [
        7.731394788532172e-18,
        6.533902590137544e-24,
        5.9812193168874945e-30,
        6.055459625398072e-36,
        6.921773612431597e-42,
        9.117887746107993e-48,
        1.4124696751410188e-53,
        2.6252347832667194e-59,
        5.9708887200856164e-65,
        1.6944862924658828e-70,
        6.116006826599017e-76,
        2.8607172642635027e-81,
        1.766187227497109e-86,
        1.465381421423851e-91,
        1.6627308663217765e-96
      ],
      [
        7.895796814132797e-18,
        6.886347968340908e-24,
        6.648254900944533e-30,
        7.294771744235017e-36,
        9.338021105429741e-42,
        1.4310780549860683e-47,
        2.6934842210779054e-53,
        6.384332435720268e-59,
        1.95336319102271e-64,
        7.903550847218942e-70,
        4.3301936667310325e-75,
        3.2874675959206194e-80,
        3.53702488006699e-85,
        5.511910174705166e-90,
        1.27060902289584e-94
      ],
      [
        8.084098156273217e-18,
        7.303621041044407e-24,
        7.483530041837181e-30,
        8.984354600541616e-36,
        1.3051705704961465e-41,
        2.368317674016825e-47,
        5.538204829631235e-53,
        1.7209104552708192e-58,
        7.321833956887468e-64,
        4.391809951776663e-69,
        3.82090791322299e-74,
        4.9561532733190424e-79,
        9.842920261285466e-84,
        3.070528698912514e-88,
        1.5419058723918613e-92
      ],
      [
        8.297810419932884e-18,
        7.794980158169542e-24,
        8.530388166465481e-30,
        1.1311697350466625e-35,
        1.8895378061012548e-41,
        4.130742759193788e-47,
        1.2268349732445941e-52,
        5.134384702770539e-58,
        3.137374762904741e-63,
        2.8972099796614503e-68,
        4.179982091822576e-73,
        9.728346718461346e-78,
        3.765886932382208e-82,
        2.4964253505171208e-86,
        2.9132791704093226e-90
      ]
    ],
    "max_rate": 8.297810419932884e-18,
    "optimal_mu_g": 0.3,
    "optimal_phi": 0.5
  },
  "uncertainty_quantification": {
    "propagator_mean": -1.1405169812037919,
    "propagator_std": 0.004768273402573986,
    "propagator_95_ci": [
      -1.1490950675374856,
      -1.1300462260576292
    ],
    "instanton_mean": 3.34515252862173e-179,
    "instanton_std": 0.0,
    "instanton_95_ci": [
      3.348011651751222e-191,
      3.452905932697398e-179
    ],
    "total_uncertainty": 0.004768273402573986
  },
  "spin_foam_evolution": {
    "times": [
      0.0,
      0.10204081632653061,
      0.20408163265306123,
      0.30612244897959184,
      0.40816326530612246,
      0.5102040816326531,
      0.6122448979591837,
      0.7142857142857143,
      0.8163265306122449,
      0.9183673469387755,
      1.0204081632653061,
      1.1224489795918369,
      1.2244897959183674,
      1.3265306122448979,
      1.4285714285714286,
      1.5306122448979593,
      1.6326530612244898,
      1.7346938775510203,
      1.836734693877551,
      1.9387755102040818,
      2.0408163265306123,
      2.142857142857143,
      2.2448979591836737,
      2.3469387755102042,
      2.4489795918367347,
      2.5510204081632653,
      2.6530612244897958,
      2.7551020408163267,
      2.857142857142857,
      2.9591836734693877,
      3.0612244897959187,
      3.163265306122449,
      3.2653061224489797,
      3.36734693877551,
      3.4693877551020407,
      3.5714285714285716,
      3.673469387755102,
      3.7755102040816326,
      3.8775510204081636,
      3.979591836734694,
      4.081632653061225,
      4.183673469387755,
      4.285714285714286,
      4.387755102040816,
      4.4897959183673475,
      4.591836734693878,
      4.6938775510204085,
      4.795918367346939,
      4.8979591836734695,
      5.0
    ],
    "propagator_evolution": [
      -0.9905856487560387,
      -0.9926280773367889,
      -0.9986428315953354,
      -1.0083039922134045,
      -1.0211049765326645,
      -1.036406112751843,
      -1.0534887718109924,
      -1.071607846658597,
      -1.0900362173512992,
      -1.1080975868990883,
      -1.1251868159126406,
      -1.140779005989359,
      -1.1544298473272283,
      -1.1657702286551663,
      -1.1744980422549516,
      -1.1803697670464706,
      -1.18319398848104,
      -1.1828286399187753,
      -1.179183462732807,
      -1.1722289362209213,
      -1.1620125991789378,
      -1.1486830684887888,
      -1.1325208819288475,
      -1.1139732613142077,
      -1.0936868464889964,
      -1.0725286430515675,
      -1.051581913320903,
      -1.0321026511859017,
      -1.0154264779534339,
      -1.0028273686846434,
      -0.9953473656304308,
      -0.9936339986873051,
      -0.997829565903906,
      -1.0075462467906735,
      -1.02193501009976,
      -1.0398263556712624,
      -1.0599016804784127,
      -1.0808529073313606,
      -1.1015016023355075,
      -1.1208675181352528,
      -1.1381916599104358,
      -1.1529268264722756,
      -1.164709859491874,
      -1.173327260795081,
      -1.1786820090220589,
      -1.1807659141969118,
      -1.1796393066675976,
      -1.175418274510729,
      -1.1682687934884999,
      -1.1584066453539743
    ],
    "field_values": [
      -1.1887027785072464,
      -1.1809929227715374,
      -1.169964448093247,
      -1.1555126415601704,
      -1.1375231709155798,
      -1.1159827656649135,
      -1.091087911880329,
      -1.0633248748486253,
      -1.0335030730909511,
      -1.002735240754031,
      -0.9723684541450464,
      -0.9438777234025142,
      -0.9187377543647527,
      -0.8982891303738968,
      -0.8836135788263404,
      -0.8754302563529582,
      -0.874021952168293,
      -0.8791972779392435,
      -0.8902924772834818,
      -0.9062143879734055,
      -0.9255240622550194,
      -0.9465581642771331,
      -0.9675819642477549,
      -0.9869629837634366,
      -1.0033478670463862,
      -1.0158174739319665,
      -1.0239887287000646,
      -1.0280306789039315,
      -1.0285720207734472,
      -1.0265016946771266,
      -1.022699957444725,
      -1.0177714510180016,
      -1.0118646658726023,
      -1.0046401295744165,
      -0.9953976997132014,
      -0.9833159916450681,
      -0.967722606111181,
      -0.948315606290187,
      -0.9252864820563029,
      -0.8993329775793478,
      -0.8715797807053502,
      -0.8434394652860405,
      -0.8164473052472427,
      -0.7920973411789378,
      -0.7716985726049985,
      -0.7562624467977502,
      -0.7464270368024603,
      -0.7424193923996761,
      -0.7440549793220095,
      -0.7507713054456713
    ],
    "anec_violations": [
      0.0,
      -0.6914279542716849,
      -0.6722456795280985,
      -0.6467192611957341,
      -0.6146173767776587,
      -0.5763098607942616,
      -0.5332610412301038,
      -0.4882512722135473,
      -0.44513031503681844,
      -0.40807303085374014,
      -0.3805360324126521,
      -0.3642804045434098,
      -0.3588377263256336,
      -0.36164705856200513,
      -0.36884929702064817,
      -0.37649239019876696,
      -0.38175885436838236,
      -0.38381552708434125,
      -0.3840000027049409,
      -0.38526153448321643,
      -0.39101104282031435,
      -0.40374283439217906,
      -0.42390741224830025,
      -0.4494855739128893,
      -0.47650703113367815,
      -0.5003934605846696,
      -0.5175995178038707,
      -0.5267898022387852,
      -0.5289508958570173,
      -0.5264242395729959,
      -0.5215122808802984,
      -0.5155003456938188,
      -0.5084460399453455,
      -0.49943150250326984,
      -0.4868660393232181,
      -0.46885840272810225,
      -0.44392815394846397,
      -0.4119880803615562,
      -0.375043480640098,
      -0.337041462817335,
      -0.3028016633945063,
      -0.2765073306111769,
      -0.260435430766735,
      -0.2544170239385973,
      -0.2561483675469827,
      -0.2621390462245403,
      -0.2689031316573057,
      -0.27398715573963545,
      -0.2765413916688872,
      -0.2773178728803605
    ],
    "max_anec_violation": 0.6914279542716849
  },
  "momentum_2point_routine": {
    "test_momenta": [
      [
        1.0,
        0.5,
        0.3,
        0.2
      ],
      [
        2.0,
        -0.3,
        0.7,
        -0.1
      ],
      [
        0.5,
        0.8,
        -0.2,
        0.4
      ]
    ],
    "test_indices": [
      [
        0,
        0,
        1,
        1
      ],
      [
        1,
        1,
        2,
        2
      ],
      [
        0,
        1,
        0,
        1
      ],
      [
        2,
        2,
        3,
        3
      ]
    ],
    "results": [
      [
        -1.1688970664432343,
        -1.0541587040929783,
        -0.0,
        -1.0183029658585232
      ],
      [
        -0.9849132355459651,
        -1.0690938539686972,
        0.0,
        -0.9680771118614185
      ],
      [
        -1.574105060620896,
        -1.0281726696541111,
        -0.0,
        -1.1373591478474683
      ]
    ]
  },
  "instanton_analysis": {
    "phi_values": [
      0.0,
      0.12693303650867852,
      0.25386607301735703,
      0.3807991095260356,
      0.5077321460347141,
      0.6346651825433925,
      0.7615982190520711,
      0.8885312555607496,
      1.0154642920694281,
      1.1423973285781066,
      1.269330365086785,
      1.3962634015954636,
      1.5231964381041423,
      1.6501294746128208,
      1.7770625111214993,
      1.9039955476301778,
      2.0309285841388562,
      2.1578616206475347,
      2.284794657156213,
      2.4117276936648917,
      2.53866073017357,
      2.6655937666822487,
      2.792526803190927,
      2.9194598396996057,
      3.0463928762082846,
      3.173325912716963,
      3.3002589492256416,
      3.42719198573432,
      3.5541250222429985,
      3.681058058751677,
      3.8079910952603555,
      3.934924131769034,
      4.0618571682777125,
      4.188790204786391,
      4.3157232412950695,
      4.442656277803748,
      4.569589314312426,
      4.696522350821105,
      4.823455387329783,
      4.950388423838462,
      5.07732146034714,
      5.204254496855819,
      5.331187533364497,
      5.458120569873176,
      5.585053606381854,
      5.711986642890533,
      5.838919679399211,
      5.96585271590789,
      6.092785752416569,
      6.219718788925247,
      6.346651825433926,
      6.473584861942604,
      6.600517898451283,
      6.727450934959961,
      6.85438397146864,
      6.981317007977318,
      7.108250044485997,
      7.235183080994675,
      7.362116117503354,
      7.489049154012032,
      7.615982190520711,
      7.742915227029389,
      7.869848263538068,
      7.996781300046746,
      8.123714336555425,
      8.250647373064103,
      8.377580409572783,
      8.50451344608146,
      8.631446482590139,
      8.758379519098817,
      8.885312555607497,
      9.012245592116175,
      9.139178628624853,
      9.266111665133531,
      9.39304470164221,
      9.519977738150889,
      9.646910774659567,
      9.773843811168245,
      9.900776847676925,
      10.027709884185603,
      10.15464292069428,
      10.28157595720296,
      10.408508993711639,
      10.535442030220317,
      10.662375066728995,
      10.789308103237675,
      10.916241139746353,
      11.04317417625503,
      11.170107212763709,
      11.297040249272388,
      11.423973285781067,
      11.550906322289745,
      11.677839358798423,
      11.804772395307102,
      11.93170543181578,
      12.058638468324459,
      12.185571504833138,
      12.312504541341816,
      12.439437577850494,
      12.566370614359172
    ],
    "amplitudes": [
      1.0,
      4.442868164422611e-05,
      1.9810918609393337e-09,
      8.898171073219542e-14,
      4.0404327603244354e-18,
      1.8614884335429038e-22,
      8.733134936061113e-27,
      4.187227505007972e-31,
      2.0591845414407457e-35,
      1.042408817824575e-39,
      5.45145201708657e-44,
      2.955763711359344e-48,
      1.6674662011148866e-52,
      9.822325779704519e-57,
      6.062823884280049e-61,
      3.935182613234422e-65,
      2.6952697088200933e-69,
      1.9547741657411437e-73,
      1.5064286944593586e-77,
      1.237796498212746e-81,
      1.0881269303663534e-85,
      1.026856679466867e-89,
      1.0437565896158433e-93,
      1.1465558604896072e-97,
      1.3656299845020917e-101,
      1.769437446236791e-105,
      2.5021364041335872e-109,
      3.8739662591311587e-113,
      6.587960491829144e-117,
      1.2344198056339043e-120,
      2.556481736634588e-124,
      5.869834329766018e-128,
      1.4987579697758134e-131,
      4.268370755746e-135,
      1.359887553636987e-138,
      4.860956129902956e-142,
      1.955094404715637e-145,
      8.873031254755378e-149,
      4.556658056202221e-152,
      2.65511577295847e-155,
      1.7601741549300008e-158,
      1.3311138905855335e-161,
      1.1513137816588082e-164,
      1.1418300709291962e-167,
      1.301749331432258e-170,
      1.710165949561027e-173,
      2.5952471174653676e-176,
      4.560060575078596e-179,
      9.298496374638457e-182,
      2.2053646630619464e-184,
      6.097126836143157e-187,
      1.9691309890318907e-189,
      7.444430832480996e-192,
      3.301216929869353e-194,
      1.7205026308661416e-196,
      1.0558517547781859e-198,
      7.643966365480092e-201,
      6.540013990959171e-203,
      6.624181909017195e-205,
      7.956141357454338e-207,
      1.134973108332509e-208,
      1.925974718574052e-210,
      3.893491977510306e-212,
      9.39000624423591e-214,
      2.7053084796797867e-215,
      9.322887615287096e-217,
      3.8476634351335367e-218,
      1.9039630506910486e-219,
      1.1308579038116092e-220,
      8.070309088539371e-222,
      6.92660673074454e-223,
      7.156253116265414e-224,
      8.907237450379851e-225,
      1.3366588888998988e-225,
      2.42000900783228e-226,
      5.289337272277263e-227,
      1.3964096177759179e-227,
      4.455140103233444e-228,
      1.718409733701964e-228,
      8.016021764787986e-229,
      4.523534515421573e-229,
      3.0886867336601867e-229,
      2.5521536661833772e-229,
      2.5521536661833772e-229,
      3.0886867336601867e-229,
      4.523534515421573e-229,
      8.016021764787986e-229,
      1.718409733701964e-228,
      4.455140103233444e-228,
      1.3964096177759179e-227,
      5.289337272277263e-227,
      2.42000900783228e-226,
      1.3366588888997469e-225,
      8.907237450379851e-225,
      7.156253116265414e-224,
      6.926606730744933e-223,
      8.070309088538913e-222,
      1.1308579038116092e-220,
      1.9039630506909404e-219,
      3.8476634351335367e-218
    ]
  },
  "config": {
    "mu_g": 0.15,
    "m_g": 0.1,
    "N_colors": 3,
    "S_inst": 78.95683520871486,
    "Phi_inst": 6.283185307179586
  }
}